<?xml version="1.0"?>
<opencv_storage>
<shot type_id="opencv-matrix">
  <rows>1</rows>
  <cols>3840</cols>
  <dt>f</dt>
  <data>
    0. 0. 0. 0. 0. 0. 0. 0. 0. 0. 0. 0. 0. 0. 0. 0. 0. 0. 0. 0. 0. 0. 0.
    0. 0. 0. 0. 0. 0. 0. 0. 0. 0. 0. 0. 0. 0. 0. 0. 0. 0. 0. 0. 0. 0. 0.
    0. 0. 0. 0. 0. 0. 0. 0. 0. 0. 0. 0. 0. 0. 0. 0. 0. 0. 0. 0. 0. 0. 0.
    0. 0. 0. 0. 0. 0. 0. 0. 0. 0. 0. 0. 0. 0. 0. 0. 1. 0. 0. 0. 0. 0. 2.
    3. 1. 2. 0. 3. 2. 3. 3. 2. 2. 1. 2. 2. 0. 1. 0. 2. 3. 3. 1. 4. 1. 2.
    4. 1. 1. 0. 40. 3. 1. 1. 1. 0. 2. 3. 0. 0. 0. 0. 0. 2. 1. 1. 0. 1.
    1. 0. 0. 2. 2. 1. 0. 3. 0. 1. 2. 1. 1. 0. 5. 3. 1. 1. 0. 2. 1. 0. 0.
    1. 2. 1. 1. 1. 1. 4. 2. 2. 2. 0. 1. 3. 1. 1. 0. 4. 1. 1. 1. 4. 2. 2.
    3. 1. 2. 1. 2. 1. 0. 1. 3. 0. 0. 1. 0. 0. 0. 0. 0. 0. 0. 0. 0. 0. 0.
    0. 0. 0. 0. 0. 0. 0. 0. 0. 0. 0. 0. 0. 0. 0. 0. 0. 0. 0. 0. 0. 0. 0.
    0. 0. 0. 0. 0. 0. 0. 0. 0. 0. 0. 0. 0. 0. 0. 0. 0. 0. 0. 0. 0. 0. 0.
    0. 0. 0. 0. 0. 0. 0. 0. 0. 0. 0. 0. 0. 0. 0. 0. 0. 0. 0. 0. 0. 0. 0.
    0. 0. 0. 0. 0. 0. 0. 0. 0. 0. 0. 0. 0. 0. 0. 0. 0. 0. 0. 0. 0. 0. 0.
    0. 0. 0. 0. 0. 0. 0. 0. 0. 0. 0. 0. 0. 0. 0. 0. 0. 0. 0. 0. 0. 0. 0.
    0. 0. 0. 0. 0. 0. 0. 0. 0. 0. 0. 0. 0. 0. 0. 0. 0. 0. 1. 0. 1. 0. 0.
    1. 0. 0. 2. 3. 1. 2. 1. 4. 3. 3. 4. 7. 2. 2. 4. 3. 1. 7. 8. 10. 4.
    10. 6. 13. 10. 15. 25. 18. 12. 30. 86. 47. 55. 78. 59. 71. 76. 123.
    170. 194. 161. 192. 178. 246. 288. 271. 340. 291. 244. 280. 282.
    333. 330. 296. 431. 505. 517. 565. 538. 620. 737. 610. 708. 667.
    721. 758. 908. 777. 964. 1074. 1174. 1060. 1335. 1611. 1653. 1074.
    1378. 1208. 1280. 1227. 1418. 1187. 1330. 1198. 1281. 1126. 1216.
    1029. 1313. 1015. 1214. 906. 1286. 1476. 1473. 1532. 1564. 1308.
    1495. 1502. 1350. 1271. 1374. 1406. 1403. 1342. 1208. 1066. 1249.
    1246. 991. 1252. 959. 843. 955. 893. 899. 861. 885. 836. 915. 1005.
    876. 793. 785. 804. 794. 824. 808. 882. 810. 855. 842. 814. 627.
    622. 646. 525. 388. 385. 408. 356. 313. 248. 217. 232. 195. 203.
    137. 194. 179. 152. 158. 138. 217. 120. 85. 156. 105. 137. 87. 255.
    63. 137. 368. 28. 5670. 0. 0. 0. 0. 0. 0. 0. 0. 0. 0. 0. 0. 0. 0. 0.
    0. 0. 0. 0. 0. 0. 0. 0. 0. 0. 0. 0. 0. 0. 0. 0. 0. 0. 0. 0. 0. 0. 0.
    0. 0. 0. 0. 0. 0. 0. 0. 0. 0. 0. 0. 0. 0. 0. 0. 0. 0. 0. 0. 0. 0. 0.
    0. 0. 0. 0. 0. 0. 0. 0. 0. 0. 0. 0. 0. 0. 0. 0. 0. 0. 0. 0. 0. 0. 0.
    0. 0. 0. 0. 0. 0. 0. 0. 0. 0. 0. 0. 0. 0. 0. 0. 0. 0. 0. 0. 0. 0. 0.
    0. 0. 0. 0. 0. 0. 0. 0. 0. 0. 0. 0. 0. 0. 0. 0. 0. 0. 0. 0. 0. 0. 0.
    0. 0. 0. 0. 0. 0. 0. 0. 0. 0. 0. 0. 0. 0. 0. 0. 0. 0. 0. 0. 0. 0. 0.
    0. 0. 0. 0. 0. 0. 0. 0. 0. 0. 0. 0. 0. 0. 0. 0. 0. 0. 0. 0. 0. 0. 0.
    0. 0. 0. 0. 0. 0. 0. 0. 0. 0. 0. 0. 0. 0. 0. 0. 0. 0. 0. 0. 0. 0. 0.
    0. 0. 0. 0. 0. 0. 0. 0. 0. 0. 0. 0. 0. 0. 0. 0. 0. 0. 0. 0. 0. 0. 0.
    0. 0. 0. 0. 0. 0. 0. 0. 0. 0. 0. 0. 0. 0. 0. 0. 0. 0. 0. 0. 0. 0. 0.
    0. 0. 0. 0. 0. 0. 0. 0. 0. 0. 0. 0. 0. 0. 0. 0. 0. 0. 0. 0. 0. 0. 0.
    0. 0. 0. 0. 0. 0. 0. 0. 0. 0. 0. 0. 0. 0. 0. 0. 0. 0. 0. 0. 0. 0. 0.
    0. 0. 0. 0. 0. 0. 0. 0. 0. 0. 0. 0. 0. 0. 0. 0. 0. 0. 0. 0. 0. 0. 0.
    0. 0. 0. 0. 0. 0. 0. 0. 0. 0. 0. 0. 0. 0. 0. 0. 0. 0. 0. 0. 0. 0. 0.
    0. 0. 0. 0. 1. 0. 0. 0. 0. 0. 2. 3. 1. 2. 0. 3. 2. 3. 3. 2. 2. 1. 2.
    2. 0. 1. 0. 2. 3. 3. 1. 4. 1. 2. 4. 1. 1. 0. 40. 3. 1. 1. 1. 0. 2.
    3. 0. 0. 0. 0. 0. 2. 1. 1. 0. 1. 1. 0. 0. 2. 2. 1. 0. 3. 0. 1. 2. 1.
    1. 0. 5. 3. 1. 1. 0. 2. 1. 0. 0. 1. 2. 1. 1. 1. 1. 4. 2. 2. 2. 0. 1.
    3. 1. 1. 0. 4. 1. 1. 1. 4. 2. 2. 3. 1. 2. 1. 2. 1. 0. 1. 3. 0. 0. 1.
    0. 0. 0. 0. 0. 0. 0. 0. 0. 0. 0. 0. 0. 0. 0. 0. 0. 0. 0. 0. 0. 0. 0.
    0. 0. 0. 0. 0. 0. 0. 0. 0. 0. 0. 0. 0. 0. 0. 0. 0. 0. 0. 0. 0. 0. 0.
    0. 0. 0. 0. 0. 0. 0. 0. 0. 0. 0. 0. 0. 0. 0. 0. 0. 0. 0. 0. 0. 0. 0.
    0. 0. 0. 0. 0. 0. 0. 0. 0. 0. 0. 0. 0. 0. 0. 0. 0. 0. 0. 0. 0. 0. 0.
    0. 0. 0. 0. 0. 0. 0. 0. 0. 0. 0. 0. 0. 0. 0. 0. 0. 0. 0. 0. 0. 0. 0.
    0. 0. 0. 2. 0. 0. 0. 0. 0. 2. 0. 2. 0. 1. 0. 2. 3. 0. 2. 2. 5. 7. 7.
    7. 14. 22. 16. 40. 31. 40. 37. 32. 35. 43. 39. 16. 21. 38. 30. 6.
    20. 21. 32. 23. 23. 16. 12. 28. 20. 20. 25. 19. 38. 11. 29. 28. 27.
    28. 28. 37. 27. 34. 23. 46. 54. 59. 320. 37. 416. 347. 519. 387.
    560. 402. 112. 302. 257. 495. 472. 275. 347. 373. 555. 382. 333.
    384. 342. 306. 275. 405. 326. 366. 359. 370. 397. 371. 418. 447.
    546. 449. 500. 534. 482. 582. 625. 726. 717. 808. 941. 1219. 1075.
    1242. 1107. 1451. 1682. 1475. 1385. 1370. 1364. 1766. 1495. 2176.
    1372. 1927. 1546. 1745. 1665. 1692. 1511. 1447. 1327. 1573. 1198.
    1771. 1205. 1417. 1069. 1330. 1214. 1547. 1652. 1941. 3364. 2618.
    2464. 2312. 2000. 1571. 1503. 1216. 1056. 985. 867. 748. 691. 836.
    810. 738. 650. 660. 629. 558. 664. 571. 622. 545. 606. 481. 565.
    411. 395. 392. 375. 265. 253. 217. 266. 124. 151. 141. 138. 125. 78.
    118. 82. 96. 44. 75. 52. 155. 35. 26. 10. 4. 2. 7. 9. 4. 5. 2. 1. 7.
    0. 0. 0. 0. 0. 0. 0. 0. 0. 0. 0. 0. 0. 0. 0. 0. 0. 0. 0. 0. 0. 0. 0.
    0. 0. 0. 0. 0. 0. 0. 0. 0. 0. 0. 0. 0. 0. 0. 0. 0. 0. 0. 0. 0. 0. 0.
    0. 0. 0. 0. 0. 0. 0. 0. 0. 0. 0. 0. 0. 0. 0. 0. 0. 0. 0. 0. 0. 0. 0.
    0. 0. 0. 0. 0. 0. 0. 0. 0. 0. 0. 0. 0. 0. 0. 0. 0. 0. 0. 0. 0. 0. 0.
    0. 0. 0. 0. 0. 0. 1. 0. 0. 0. 0. 0. 0. 1. 0. 0. 0. 0. 2. 0. 0. 0. 0.
    0. 0. 2. 0. 2. 3. 3. 2. 3. 2. 2. 1. 3. 2. 1. 2. 3. 0. 1. 1. 0. 1. 0.
    1. 9. 4. 2. 4. 13. 3. 6. 2. 6. 0. 0. 0. 1. 5. 1. 1. 2. 4. 1. 0. 0.
    2. 2. 3. 0. 0. 0. 1. 1. 0. 2. 1. 1. 2. 2. 2. 0. 1. 7. 3. 2. 2. 4. 2.
    3. 1. 2. 3. 1. 2. 3. 4. 0. 4. 2. 4. 2. 1. 4. 1. 4. 1. 1. 0. 0. 0. 0.
    0. 0. 0. 0. 0. 0. 1. 0. 1. 0. 0. 0. 0. 0. 0. 0. 0. 0. 0. 0. 0. 0. 0.
    0. 0. 0. 0. 0. 0. 0. 0. 0. 0. 0. 0. 0. 0. 0. 0. 0. 0. 0. 0. 0. 0. 0.
    0. 0. 0. 0. 0. 0. 0. 0. 0. 0. 0. 0. 0. 0. 0. 0. 0. 0. 0. 0. 0. 0. 0.
    0. 0. 0. 0. 0. 0. 0. 0. 0. 0. 0. 0. 0. 0. 0. 0. 0. 0. 0. 0. 0. 0. 0.
    0. 0. 0. 0. 0. 0. 0. 0. 0. 0. 0. 0. 0. 0. 0. 0. 0. 0. 0. 0. 0. 0. 0.
    0. 0. 0. 0. 0. 0. 0. 0. 0. 0. 0. 0. 0. 0. 0. 0. 0. 0. 0. 0. 0. 0. 0.
    0. 0. 0. 0. 0. 0. 0. 0. 0. 0. 1. 0. 0. 0. 0. 0. 0. 1. 0. 0. 0. 0. 2.
    0. 0. 0. 0. 0. 0. 2. 0. 2. 3. 7. 6. 8. 2. 6. 5. 9. 7. 5. 22. 9. 9.
    14. 8. 21. 12. 21. 37. 56. 56. 73. 89. 93. 119. 106. 204. 261. 254.
    352. 269. 237. 294. 284. 315. 270. 268. 240. 209. 263. 231. 274.
    287. 294. 246. 281. 329. 299. 256. 293. 313. 489. 346. 430. 485.
    415. 424. 444. 513. 462. 445. 420. 478. 439. 449. 575. 566. 517.
    522. 451. 352. 348. 361. 342. 329. 359. 339. 308. 390. 382. 459.
    450. 431. 479. 478. 540. 662. 703. 667. 746. 743. 945. 1010. 1089.
    1088. 1069. 965. 1117. 996. 1002. 1082. 1169. 1212. 1282. 1246.
    1295. 1637. 2123. 2640. 2503. 2299. 2016. 2247. 2276. 2117. 2475.
    2855. 3123. 3800. 3640. 3449. 3481. 3201. 2549. 1544. 1091. 501.
    382. 200. 209. 229. 377. 385. 515. 136. 5781. 0. 0. 0. 0. 0. 0. 0.
    0. 0. 0. 0. 0. 0. 0. 0. 0. 0. 0. 0. 0. 0. 0. 0. 0. 0. 0. 0. 0. 0. 0.
    0. 0. 0. 0. 0. 0. 0. 0. 0. 0. 0. 0. 0. 0. 0. 0. 0. 0. 0. 0. 0. 0. 0.
    0. 0. 0. 0. 0. 0. 0. 0. 0. 0. 0. 0. 0. 0. 0. 0. 0. 0. 0. 0. 0. 0. 0.
    0. 0. 0. 0. 0. 0. 0. 0. 0. 0. 0. 0. 0. 0. 0. 0. 0. 0. 0. 0. 0. 0. 0.
    0. 0. 0. 0. 0. 0. 0. 0. 0. 0. 0. 0. 0. 0. 0. 0. 0. 0. 0. 0. 0. 0. 0.
    0. 0. 0. 0. 0. 0. 0. 0. 0. 0. 0. 0. 0. 0. 0. 0. 0. 0. 0. 0. 0. 0. 0.
    0. 0. 0. 0. 0. 0. 0. 0. 0. 0. 0. 0. 0. 0. 0. 0. 0. 0. 0. 0. 0. 0. 0.
    0. 0. 0. 0. 0. 0. 0. 0. 0. 0. 0. 0. 0. 0. 0. 0. 0. 0. 0. 0. 0. 0. 0.
    0. 0. 0. 0. 0. 0. 0. 0. 0. 0. 0. 0. 0. 0. 0. 0. 0. 0. 0. 0. 0. 0. 0.
    0. 0. 0. 0. 0. 0. 0. 0. 0. 0. 0. 0. 0. 0. 0. 0. 0. 0. 0. 0. 0. 0. 0.
    0. 0. 0. 0. 0. 0. 0. 0. 0. 0. 0. 0. 0. 0. 0. 0. 0. 0. 0. 0. 0. 0. 0.
    0. 0. 0. 0. 0. 0. 0. 0. 0. 0. 0. 0. 0. 0. 0. 0. 0. 0. 0. 0. 0. 0. 0.
    0. 0. 0. 0. 0. 0. 0. 0. 0. 0. 0. 0. 0. 0. 0. 0. 0. 0. 0. 0. 0. 0. 0.
    0. 0. 0. 0. 0. 0. 0. 0. 0. 0. 0. 0. 0. 0. 0. 0. 0. 0. 0. 0. 0. 0. 0.
    0. 0. 0. 0. 0. 0. 0. 0. 0. 0. 0. 0. 0. 0. 0. 0. 0. 0. 0. 0. 0. 0. 0.
    0. 0. 1. 0. 0. 0. 0. 0. 0. 1. 0. 0. 0. 0. 2. 0. 0. 0. 0. 0. 0. 2. 0.
