<?xml version="1.0"?>
<opencv_storage>
<shot type_id="opencv-matrix">
  <rows>1</rows>
  <cols>3840</cols>
  <dt>f</dt>
  <data>
    0. 0. 0. 0. 0. 0. 0. 0. 0. 0. 0. 9. 11. 5. 0. 8. 6. 3. 3. 0. 7. 8.
    9. 27. 12. 27. 9. 3. 4. 5. 0. 0. 0. 0. 0. 1. 0. 0. 0. 0. 2. 0. 1. 0.
    0. 1. 0. 0. 1. 0. 0. 0. 1. 1. 0. 0. 1. 0. 0. 1. 1. 0. 0. 1. 2. 0. 0.
    0. 1. 0. 1. 0. 0. 0. 0. 1. 0. 1. 2. 1. 6. 5. 0. 0. 0. 0. 0. 0. 0. 0.
    0. 0. 0. 0. 0. 0. 0. 0. 0. 0. 0. 0. 0. 0. 0. 0. 0. 0. 0. 0. 0. 0. 0.
    0. 0. 0. 0. 0. 0. 0. 0. 0. 0. 0. 0. 0. 0. 0. 0. 0. 0. 0. 0. 0. 0. 0.
    0. 0. 0. 0. 0. 0. 0. 0. 0. 0. 0. 0. 0. 0. 0. 0. 0. 0. 0. 0. 0. 0. 0.
    0. 0. 0. 0. 0. 0. 0. 0. 0. 0. 0. 0. 0. 0. 0. 0. 0. 0. 0. 0. 0. 0. 0.
    0. 0. 0. 0. 0. 0. 0. 0. 0. 0. 0. 0. 0. 0. 0. 0. 0. 0. 0. 0. 0. 0. 0.
    0. 0. 0. 0. 0. 0. 0. 0. 0. 0. 0. 0. 0. 0. 0. 0. 0. 0. 0. 0. 0. 0. 0.
    0. 0. 0. 0. 0. 0. 0. 0. 0. 0. 0. 0. 0. 0. 0. 0. 0. 0. 0. 0. 0. 0. 0.
    0. 0. 0. 0. 0. 0. 0. 0. 0. 0. 0. 0. 0. 0. 9. 30. 62. 76. 107. 75.
    134. 119. 161. 128. 79. 171. 220. 272. 350. 192. 251. 212. 201. 270.
    264. 346. 417. 520. 751. 726. 976. 1202. 989. 2238. 1872. 2165.
    1916. 918. 627. 392. 418. 435. 292. 254. 346. 241. 241. 381. 238.
    177. 174. 166. 170. 143. 101. 139. 103. 173. 100. 140. 117. 137.
    121. 102. 120. 106. 101. 112. 99. 138. 100. 136. 88. 121. 112. 118.
    119. 137. 124. 106. 134. 132. 131. 168. 167. 147. 169. 199. 207.
    210. 240. 227. 172. 210. 243. 259. 264. 333. 459. 450. 306. 749.
    996. 1457. 3779. 1500. 2381. 652. 3401. 2258. 1315. 3458. 2900.
    3548. 1917. 1556. 1203. 603. 469. 591. 496. 386. 351. 476. 476. 329.
    257. 295. 146. 258. 285. 286. 317. 315. 266. 185. 256. 189. 235.
    184. 214. 197. 252. 176. 170. 238. 113. 179. 112. 175. 153. 208.
    133. 180. 134. 194. 190. 157. 127. 145. 166. 105. 128. 144. 152.
    169. 136. 195. 176. 199. 169. 264. 113. 263. 224. 280. 546. 507.
    438. 922. 397. 993. 2500. 3631. 3632. 2029. 1761. 900. 1170. 586.
    936. 885. 438. 244. 172. 160. 73. 138. 58. 156. 117. 140. 82. 93.
    56. 79. 64. 56. 64. 24. 60. 26. 77. 53. 50. 38. 40. 49. 31. 44. 1.
    58. 40. 37. 7. 0. 0. 0. 0. 0. 0. 0. 0. 0. 0. 0. 0. 0. 0. 0. 0. 0. 0.
    0. 0. 0. 0. 0. 0. 0. 0. 0. 0. 0. 0. 0. 0. 0. 0. 0. 0. 0. 0. 0. 0. 0.
    0. 0. 0. 0. 0. 0. 0. 0. 0. 0. 0. 0. 0. 0. 0. 0. 0. 0. 0. 0. 0. 0. 0.
    0. 0. 0. 0. 0. 0. 0. 0. 0. 0. 0. 0. 0. 0. 0. 0. 0. 0. 0. 0. 0. 0. 0.
    0. 0. 0. 0. 0. 0. 0. 0. 0. 0. 0. 0. 0. 0. 0. 0. 0. 0. 0. 0. 0. 0. 0.
    0. 0. 0. 0. 0. 0. 0. 0. 0. 0. 0. 0. 0. 0. 0. 0. 0. 0. 0. 0. 0. 0. 0.
    0. 0. 0. 0. 0. 0. 0. 0. 0. 0. 0. 0. 0. 0. 0. 0. 0. 0. 0. 0. 0. 0. 0.
    0. 0. 0. 0. 0. 0. 0. 0. 0. 0. 0. 0. 0. 0. 0. 0. 0. 0. 0. 0. 0. 0. 0.
    0. 0. 0. 0. 0. 0. 0. 0. 0. 0. 0. 0. 0. 0. 0. 0. 0. 0. 0. 0. 0. 0. 0.
    0. 0. 0. 0. 0. 0. 0. 0. 0. 0. 0. 0. 0. 0. 0. 0. 0. 0. 0. 0. 0. 0. 0.
    0. 0. 0. 0. 0. 0. 0. 0. 0. 0. 0. 0. 0. 0. 0. 0. 0. 0. 0. 0. 0. 0. 0.
    0. 0. 0. 0. 0. 0. 0. 0. 0. 0. 0. 0. 0. 0. 0. 0. 0. 0. 0. 0. 0. 0. 0.
    0. 0. 0. 0. 0. 0. 0. 0. 0. 0. 0. 0. 0. 0. 0. 0. 0. 0. 0. 0. 0. 0. 9.
    11. 5. 0. 8. 6. 3. 3. 0. 7. 8. 9. 27. 12. 27. 9. 3. 4. 5. 0. 0. 0.
    0. 0. 1. 0. 0. 0. 0. 2. 0. 1. 0. 0. 1. 0. 0. 1. 0. 0. 0. 1. 1. 0. 0.
    1. 0. 0. 1. 1. 0. 0. 1. 2. 0. 0. 0. 1. 0. 1. 0. 0. 0. 0. 1. 0. 1. 2.
    1. 6. 5. 0. 0. 0. 0. 0. 0. 0. 0. 0. 0. 0. 0. 0. 0. 0. 0. 0. 0. 0. 0.
    0. 0. 0. 0. 0. 0. 0. 0. 0. 0. 0. 0. 0. 0. 0. 0. 0. 0. 0. 0. 0. 0. 0.
    0. 0. 0. 0. 0. 0. 0. 0. 0. 0. 0. 0. 0. 0. 0. 0. 0. 0. 0. 0. 0. 0. 0.
    0. 0. 0. 0. 0. 0. 0. 0. 0. 0. 0. 0. 0. 0. 0. 0. 0. 0. 0. 0. 0. 0. 0.
    0. 0. 0. 0. 0. 0. 0. 0. 0. 0. 0. 0. 0. 0. 0. 0. 0. 0. 0. 0. 0. 0. 0.
    0. 0. 0. 0. 0. 0. 0. 0. 0. 0. 0. 0. 0. 0. 0. 0. 0. 0. 0. 0. 0. 0. 0.
    0. 0. 0. 0. 0. 0. 0. 0. 0. 0. 0. 0. 0. 0. 0. 0. 0. 0. 0. 0. 0. 0. 0.
    0. 0. 0. 0. 0. 0. 0. 0. 0. 0. 0. 0. 0. 0. 0. 0. 0. 0. 0. 0. 0. 0. 0.
    0. 0. 9. 30. 38. 29. 70. 66. 91. 68. 100. 53. 40. 61. 53. 83. 65.
    69. 68. 45. 72. 73. 69. 81. 130. 144. 116. 178. 211. 323. 455. 538.
    511. 466. 438. 451. 593. 451. 577. 326. 573. 516. 432. 413. 311.
    371. 290. 357. 422. 303. 407. 323. 485. 410. 460. 546. 404. 530.
    328. 742. 563. 595. 426. 334. 347. 206. 301. 308. 306. 305. 190.
    272. 207. 234. 207. 300. 240. 179. 293. 238. 253. 254. 253. 339.
    642. 245. 1500. 1316. 1333. 1630. 2661. 1361. 896. 1679. 1201. 1769.
    1783. 2348. 1737. 1403. 3081. 1830. 2565. 2303. 3411. 776. 3125.
    1901. 779. 2104. 3460. 2225. 1730. 1823. 1149. 664. 611. 848. 544.
    1309. 615. 883. 1193. 678. 958. 873. 1160. 1168. 1124. 416. 929.
    393. 272. 354. 409. 369. 348. 276. 276. 266. 214. 75. 150. 183. 212.
    214. 157. 242. 338. 346. 25. 385. 458. 241. 309. 885. 428. 142. 313.
    935. 796. 8. 12. 7. 8. 7. 5. 13. 11. 16. 8. 15. 5. 33. 44. 25. 43.
    96. 28. 0. 0. 0. 0. 0. 0. 0. 0. 0. 0. 0. 0. 0. 0. 0. 0. 0. 0. 0. 0.
    0. 0. 0. 0. 0. 0. 0. 0. 0. 0. 0. 0. 0. 0. 0. 0. 0. 0. 0. 0. 0. 0. 0.
    0. 0. 0. 0. 0. 0. 0. 0. 0. 0. 0. 0. 0. 0. 0. 0. 0. 0. 0. 0. 0. 0. 0.
    0. 0. 0. 0. 0. 0. 0. 0. 0. 0. 0. 0. 0. 0. 0. 0. 0. 0. 0. 9. 11. 5.
    0. 8. 6. 2. 2. 2. 0. 6. 2. 4. 14. 8. 2. 0. 2. 6. 2. 2. 1. 1. 1. 4.
    0. 5. 17. 4. 20. 5. 5. 0. 0. 0. 0. 0. 1. 0. 0. 0. 0. 2. 0. 1. 0. 0.
    1. 0. 0. 1. 0. 0. 0. 1. 1. 0. 0. 1. 0. 0. 1. 1. 0. 0. 1. 2. 0. 0. 0.
    1. 0. 1. 0. 0. 0. 0. 4. 5. 4. 3. 0. 0. 0. 0. 0. 0. 0. 0. 0. 0. 0. 0.
    0. 0. 0. 0. 0. 0. 0. 0. 0. 0. 0. 0. 0. 0. 0. 0. 0. 0. 0. 0. 0. 0. 0.
    0. 0. 0. 0. 0. 0. 0. 0. 0. 0. 0. 0. 0. 0. 0. 0. 0. 0. 0. 0. 0. 0. 0.
    0. 0. 0. 0. 0. 0. 0. 0. 0. 0. 0. 0. 0. 0. 0. 0. 0. 0. 0. 0. 0. 0. 0.
    0. 0. 0. 0. 0. 0. 0. 0. 0. 0. 0. 0. 0. 0. 0. 0. 0. 0. 0. 0. 0. 0. 0.
    0. 0. 0. 0. 0. 0. 0. 0. 0. 0. 0. 0. 0. 0. 0. 0. 0. 0. 0. 0. 0. 0. 0.
    0. 0. 0. 0. 0. 0. 0. 0. 0. 0. 0. 0. 0. 0. 0. 0. 0. 0. 0. 0. 0. 0. 0.
    0. 0. 0. 0. 0. 0. 0. 0. 0. 0. 0. 0. 0. 0. 0. 0. 0. 0. 0. 0. 0. 0. 0.
    12. 36. 90. 132. 116. 64. 74. 97. 118. 105. 107. 73. 93. 149. 153.
    189. 180. 211. 102. 172. 246. 223. 223. 217. 222. 127. 121. 242.
    257. 363. 397. 469. 420. 109. 466. 633. 806. 938. 1275. 912. 904.
    233. 971. 1280. 1744. 1954. 1358. 434. 218. 939. 1003. 733. 368.
    181. 125. 140. 162. 133. 150. 140. 79. 74. 103. 111. 125. 118. 123.
    90. 79. 91. 115. 101. 131. 128. 126. 120. 63. 104. 121. 165. 162.
    167. 158. 122. 127. 148. 191. 209. 209. 214. 148. 160. 147. 238.
    265. 291. 295. 224. 261. 228. 310. 447. 459. 580. 495. 440. 586.
    846. 2136. 3099. 1664. 1383. 3861. 2383. 4459. 5799. 3375. 1481.
    393. 236. 280. 306. 366. 439. 472. 335. 210. 204. 565. 700. 571.
    561. 238. 189. 219. 231. 342. 348. 352. 334. 142. 222. 319. 394.
    296. 260. 266. 278. 112. 309. 332. 365. 302. 273. 192. 129. 226.
    312. 358. 382. 406. 390. 377. 446. 534. 1271. 1859. 3078. 4716.
    2630. 1904. 1344. 1329. 720. 1127. 1007. 458. 179. 163. 172. 183.
    136. 116. 126. 46. 52. 66. 93. 77. 63. 51. 55. 11. 43. 56. 33. 0. 0.
    0. 0. 0. 0. 0. 0. 0. 0. 0. 0. 0. 0. 0. 0. 0. 0. 0. 0. 0. 0. 0. 0. 0.
    0. 0. 0. 0. 0. 0. 0. 0. 0. 0. 0. 0. 0. 0. 0. 0. 0. 0. 0. 0. 0. 0. 0.
    0. 0. 0. 0. 0. 0. 0. 0. 0. 0. 0. 0. 0. 0. 0. 0. 0. 0. 0. 0. 0. 0. 0.
    0. 0. 0. 0. 0. 0. 0. 0. 0. 0. 0. 0. 0. 0. 0. 0. 0. 0. 0. 0. 0. 0. 0.
    0. 0. 0. 0. 0. 0. 0. 0. 0. 0. 0. 0. 0. 0. 0. 0. 0. 0. 0. 0. 0. 0. 0.
    0. 0. 0. 0. 0. 0. 0. 0. 0. 0. 0. 0. 0. 0. 0. 0. 0. 0. 0. 0. 0. 0. 0.
    0. 0. 0. 0. 0. 0. 0. 0. 0. 0. 0. 0. 0. 0. 0. 0. 0. 0. 0. 0. 0. 0. 0.
    0. 0. 0. 0. 0. 0. 0. 0. 0. 0. 0. 0. 0. 0. 0. 0. 0. 0. 0. 0. 0. 0. 0.
    0. 0. 0. 0. 0. 0. 0. 0. 0. 0. 0. 0. 0. 0. 0. 0. 0. 0. 0. 0. 0. 0. 0.
    0. 0. 0. 0. 0. 0. 0. 0. 0. 0. 0. 0. 0. 0. 0. 0. 0. 0. 0. 0. 0. 0. 0.
    0. 0. 0. 0. 0. 0. 0. 0. 0. 0. 0. 0. 0. 0. 0. 0. 0. 0. 0. 0. 0. 0. 0.
    0. 0. 0. 0. 0. 0. 0. 0. 0. 0. 0. 0. 0. 0. 0. 0. 0. 0. 0. 0. 0. 0. 0.
    0. 0. 0. 0. 0. 0. 0. 0. 0. 0. 0. 0. 0. 0. 0. 0. 0. 0. 0. 0. 0. 0. 0.
    0. 0. 0. 0. 0. 0. 0. 0. 0. 0. 0. 0. 0. 0. 0. 0. 0. 9. 11. 5. 0. 8.
