<?xml version="1.0"?>
<opencv_storage>
<shot type_id="opencv-matrix">
  <rows>1</rows>
  <cols>3840</cols>
  <dt>f</dt>
  <data>
    0. 0. 0. 0. 0. 0. 0. 0. 0. 0. 0. 0. 0. 0. 0. 0. 0. 0. 0. 0. 0. 0. 0.
    0. 3. 0. 1. 0. 1. 1. 0. 2. 1. 1. 0. 0. 0. 0. 0. 1. 0. 1. 8. 0. 2.
    10. 11. 4. 6. 2. 0. 6. 3. 13. 4. 15. 4. 3. 0. 1. 1. 0. 0. 0. 1. 0.
    0. 0. 1. 0. 0. 0. 1. 0. 0. 0. 1. 1. 3. 3. 0. 0. 1. 0. 0. 0. 0. 0. 0.
    0. 1. 0. 0. 1. 0. 0. 0. 0. 0. 0. 3. 4. 0. 2. 12. 1. 0. 0. 0. 0. 0.
    0. 0. 0. 1. 0. 0. 1. 0. 0. 0. 0. 0. 0. 0. 1. 0. 0. 0. 0. 1. 0. 2. 0.
    0. 0. 0. 0. 0. 0. 1. 0. 1. 0. 1. 0. 1. 0. 1. 1. 0. 0. 0. 1. 1. 0. 0.
    1. 1. 2. 1. 0. 1. 3. 0. 0. 0. 1. 0. 2. 3. 2. 2. 0. 1. 0. 1. 0. 0. 2.
    1. 0. 0. 0. 0. 1. 1. 0. 0. 1. 0. 1. 1. 1. 0. 0. 0. 0. 1. 0. 0. 0. 0.
    0. 1. 0. 0. 0. 0. 1. 0. 0. 0. 0. 0. 0. 0. 0. 0. 0. 0. 0. 0. 0. 0. 0.
    0. 0. 0. 0. 0. 0. 0. 0. 0. 0. 0. 0. 0. 0. 0. 0. 0. 0. 0. 0. 0. 0. 0.
    0. 0. 0. 0. 0. 0. 0. 0. 0. 0. 0. 0. 0. 1. 0. 1. 0. 13. 18. 36. 35.
    20. 49. 58. 57. 50. 66. 66. 43. 75. 44. 84. 18. 35. 27. 26. 43. 21.
    49. 29. 29. 10. 20. 19. 20. 16. 11. 14. 32. 65. 30. 39. 85. 80. 58.
    66. 38. 56. 81. 63. 107. 158. 187. 252. 209. 196. 166. 138. 99. 122.
    124. 134. 123. 161. 141. 144. 146. 186. 222. 231. 188. 283. 232.
    248. 283. 390. 545. 764. 537. 573. 555. 642. 596. 837. 832. 986.
    1127. 894. 1266. 1028. 1121. 1062. 1274. 1040. 1422. 1132. 995. 922.
    879. 868. 753. 866. 817. 816. 871. 811. 1021. 845. 1051. 963. 874.
    922. 921. 1151. 943. 1158. 1528. 1419. 1320. 1204. 1126. 1634. 1182.
    1846. 1726. 1266. 2058. 3061. 2770. 2334. 2261. 1716. 1666. 2070.
    1928. 1494. 1351. 1259. 1352. 1270. 1239. 1330. 829. 1074. 1145.
    1265. 2260. 1276. 942. 482. 327. 323. 191. 182. 155. 155. 182. 168.
    164. 146. 209. 167. 166. 117. 116. 113. 132. 107. 108. 100. 95. 103.
    104. 83. 78. 84. 85. 67. 44. 65. 98. 74. 85. 87. 108. 107. 64. 111.
    51. 73. 58. 62. 43. 55. 52. 57. 57. 37. 52. 60. 65. 64. 44. 70. 61.
    43. 44. 57. 41. 44. 58. 46. 40. 39. 49. 52. 25. 38. 34. 17. 17. 16.
    29. 16. 19. 10. 14. 19. 6. 20. 14. 9. 11. 5. 4. 7. 7. 1. 3. 6. 0. 0.
    0. 0. 0. 0. 0. 0. 0. 0. 0. 0. 0. 0. 0. 0. 0. 0. 0. 0. 0. 0. 0. 0. 0.
    0. 0. 0. 0. 0. 0. 0. 0. 0. 0. 0. 0. 0. 0. 0. 0. 0. 0. 0. 0. 0. 0. 0.
    0. 0. 0. 0. 0. 0. 0. 0. 0. 0. 0. 0. 0. 0. 0. 0. 0. 0. 0. 0. 0. 0. 0.
    0. 0. 0. 0. 0. 0. 0. 0. 0. 0. 0. 0. 0. 0. 0. 0. 0. 0. 0. 0. 0. 0. 0.
    0. 0. 0. 0. 0. 0. 0. 0. 0. 0. 0. 0. 0. 0. 0. 0. 0. 0. 0. 0. 0. 0. 0.
    0. 0. 0. 0. 0. 0. 0. 0. 0. 0. 0. 0. 0. 0. 0. 0. 0. 0. 0. 0. 0. 0. 0.
    0. 0. 0. 0. 0. 0. 0. 0. 0. 0. 0. 0. 0. 0. 0. 0. 0. 0. 0. 0. 0. 0. 0.
    0. 0. 0. 0. 0. 0. 0. 0. 0. 0. 0. 0. 0. 0. 0. 0. 0. 0. 0. 0. 0. 0. 0.
    0. 0. 0. 0. 0. 0. 0. 0. 0. 0. 0. 0. 0. 0. 0. 0. 0. 0. 0. 0. 0. 0. 0.
    0. 0. 0. 0. 0. 0. 0. 0. 0. 0. 0. 0. 0. 0. 0. 0. 0. 0. 0. 0. 0. 0. 0.
    0. 0. 0. 0. 0. 0. 0. 0. 0. 0. 0. 0. 0. 0. 0. 0. 0. 0. 0. 0. 0. 0. 0.
    0. 0. 0. 0. 0. 0. 0. 0. 0. 0. 0. 0. 0. 0. 0. 0. 0. 0. 0. 0. 0. 0. 0.
    0. 0. 0. 0. 0. 0. 0. 0. 0. 0. 0. 0. 0. 0. 0. 3. 0. 1. 0. 1. 1. 0. 2.
    1. 1. 0. 0. 0. 0. 0. 1. 0. 1. 8. 0. 2. 10. 11. 4. 6. 2. 0. 6. 3. 13.
    4. 15. 4. 3. 0. 1. 1. 0. 0. 0. 1. 0. 0. 0. 1. 0. 0. 0. 1. 0. 0. 0.
    1. 1. 3. 3. 0. 0. 1. 0. 0. 0. 0. 0. 0. 0. 1. 0. 0. 1. 0. 0. 0. 0. 0.
    0. 3. 4. 0. 2. 12. 1. 0. 0. 0. 0. 0. 0. 0. 0. 1. 0. 0. 1. 0. 0. 0.
    0. 0. 0. 0. 1. 0. 0. 0. 0. 1. 0. 2. 0. 0. 0. 0. 0. 0. 0. 1. 0. 1. 0.
    1. 0. 1. 0. 1. 1. 0. 0. 0. 1. 1. 0. 0. 1. 1. 2. 1. 0. 1. 3. 0. 0. 0.
    1. 0. 2. 3. 2. 2. 0. 1. 0. 1. 0. 0. 2. 1. 0. 0. 0. 0. 1. 1. 0. 0. 1.
    0. 1. 1. 1. 0. 0. 0. 0. 1. 0. 0. 0. 0. 0. 1. 0. 0. 0. 0. 1. 0. 0. 0.
    0. 0. 0. 0. 0. 0. 0. 0. 0. 0. 0. 0. 0. 0. 0. 0. 0. 0. 0. 0. 0. 0. 0.
    0. 0. 0. 0. 0. 0. 0. 0. 0. 0. 0. 0. 0. 0. 0. 0. 0. 0. 0. 0. 0. 0. 0.
    0. 0. 0. 0. 0. 0. 0. 0. 0. 0. 0. 0. 0. 0. 0. 0. 0. 0. 0. 0. 0. 0. 0.
    0. 5. 12. 17. 15. 26. 26. 18. 12. 29. 41. 26. 15. 20. 10. 23. 16.
    10. 22. 15. 14. 11. 8. 10. 21. 19. 28. 32. 34. 26. 39. 69. 57. 73.
    65. 89. 63. 45. 65. 33. 42. 19. 46. 40. 39. 58. 32. 31. 33. 41. 70.
    60. 53. 77. 72. 75. 87. 102. 76. 107. 92. 108. 111. 92. 107. 109.
    111. 104. 193. 169. 158. 224. 221. 325. 285. 416. 443. 390. 582.
    540. 709. 596. 785. 1112. 1033. 1277. 1115. 1217. 959. 1677. 1476.
    1596. 1400. 2151. 2302. 2044. 3237. 2074. 2729. 2297. 3480. 1969.
    2010. 1765. 1658. 1751. 1738. 1661. 1634. 1298. 1407. 1115. 1026.
    1195. 1207. 1032. 543. 895. 760. 620. 580. 579. 597. 474. 561. 548.
    637. 578. 475. 701. 434. 684. 647. 847. 835. 1067. 859. 1155. 631.
    985. 776. 864. 928. 698. 616. 447. 576. 687. 571. 533. 436. 417.
    277. 168. 181. 157. 164. 201. 193. 261. 204. 618. 583. 868. 647.
    627. 773. 632. 1113. 625. 1329. 952. 502. 584. 268. 85. 193. 145.
    100. 95. 78. 110. 86. 82. 68. 65. 74. 73. 65. 58. 59. 43. 58. 51.
    57. 52. 34. 32. 17. 28. 15. 24. 14. 22. 25. 7. 29. 34. 20. 22. 26.
    23. 3. 14. 9. 26. 15. 4. 1. 0. 6. 2. 0. 0. 0. 0. 0. 0. 0. 0. 0. 0.
    0. 0. 0. 0. 0. 0. 0. 0. 0. 0. 0. 0. 0. 0. 0. 0. 0. 3. 1. 4. 1. 1. 0.
    0. 0. 0. 0. 0. 0. 1. 0. 7. 3. 1. 4. 2. 3. 11. 15. 15. 6. 5. 8. 7. 4.
    0. 1. 1. 0. 0. 1. 0. 0. 0. 0. 0. 0. 0. 0. 0. 0. 0. 0. 0. 0. 0. 0. 0.
    0. 0. 0. 0. 0. 0. 0. 0. 1. 0. 0. 0. 0. 0. 1. 0. 0. 1. 1. 2. 14. 1.
    1. 3. 1. 1. 1. 1. 3. 3. 0. 0. 0. 0. 0. 1. 0. 0. 0. 0. 0. 0. 0. 2. 0.
    0. 0. 0. 0. 0. 0. 0. 0. 0. 0. 1. 0. 0. 1. 1. 1. 0. 1. 0. 0. 0. 0. 0.
    0. 0. 0. 0. 0. 0. 1. 0. 1. 0. 0. 1. 0. 0. 0. 2. 0. 0. 0. 1. 2. 0. 0.
    1. 1. 0. 2. 2. 1. 1. 1. 0. 2. 1. 2. 3. 0. 0. 1. 0. 0. 1. 1. 1. 0. 0.
    0. 0. 0. 0. 0. 1. 0. 0. 2. 0. 1. 1. 0. 2. 0. 0. 0. 1. 1. 1. 0. 1. 0.
    0. 0. 0. 0. 0. 0. 0. 0. 0. 0. 0. 0. 0. 0. 0. 0. 0. 0. 0. 0. 0. 0. 0.
    0. 0. 0. 0. 0. 0. 0. 0. 0. 0. 0. 0. 0. 0. 0. 0. 0. 0. 0. 0. 0. 0. 0.
    0. 0. 0. 0. 0. 0. 0. 0. 0. 0. 0. 0. 0. 0. 0. 0. 2. 0. 4. 30. 59. 80.
    105. 98. 106. 72. 86. 82. 55. 48. 33. 16. 35. 27. 32. 22. 53. 28.
    11. 37. 36. 43. 96. 101. 59. 43. 46. 76. 78. 123. 129. 192. 133.
    106. 185. 160. 119. 137. 92. 61. 58. 94. 103. 79. 117. 72. 83. 87.
    85. 103. 111. 118. 104. 118. 202. 246. 441. 605. 389. 412. 319. 282.
    203. 277. 353. 430. 454. 347. 498. 481. 691. 763. 715. 657. 722.
    700. 770. 963. 999. 766. 711. 718. 843. 864. 799. 921. 827. 1091.
    1476. 1509. 1363. 1367. 1516. 1622. 1566. 1672. 1809. 1862. 2161.
    3410. 3498. 1323. 1330. 1835. 2015. 2385. 2664. 2044. 1534. 1091.
    960. 1001. 1240. 1276. 1248. 1386. 1228. 1040. 1042. 1303. 1472.
    1135. 1136. 1406. 693. 870. 1368. 1236. 1131. 419. 419. 341. 435.
    509. 510. 452. 603. 645. 625. 615. 439. 485. 421. 421. 343. 405.
    221. 151. 165. 169. 139. 167. 164. 108. 122. 118. 136. 146. 154.
    110. 113. 136. 120. 115. 147. 147. 114. 105. 90. 88. 79. 90. 88.
    105. 112. 96. 77. 91. 87. 108. 108. 135. 127. 120. 205. 165. 108.
    56. 38. 52. 51. 45. 51. 41. 54. 44. 41. 45. 41. 55. 62. 66. 39. 38.
    50. 37. 36. 46. 56. 35. 23. 36. 29. 27. 40. 29. 6. 6. 16. 9. 14. 3.
    7. 2. 3. 4. 0. 0. 3. 1. 0. 0. 0. 0. 0. 0. 0. 0. 0. 0. 0. 0. 0. 0. 0.
    0. 0. 0. 0. 0. 0. 0. 0. 0. 0. 0. 0. 0. 0. 0. 0. 0. 0. 0. 0. 0. 0. 0.
    0. 0. 0. 0. 0. 0. 0. 0. 0. 0. 0. 0. 0. 0. 0. 0. 0. 0. 0. 0. 0. 0. 0.
    0. 0. 0. 0. 0. 0. 0. 0. 0. 0. 0. 0. 0. 0. 0. 0. 0. 0. 0. 0. 0. 0. 0.
    0. 0. 0. 0. 0. 0. 0. 0. 0. 0. 0. 0. 0. 0. 0. 0. 0. 0. 0. 0. 0. 0. 0.
    0. 0. 0. 0. 0. 0. 0. 0. 0. 0. 0. 0. 0. 0. 0. 0. 0. 0. 0. 0. 0. 0. 0.
    0. 0. 0. 0. 0. 0. 0. 0. 0. 0. 0. 0. 0. 0. 0. 0. 0. 0. 0. 0. 0. 0. 0.
    0. 0. 0. 0. 0. 0. 0. 0. 0. 0. 0. 0. 0. 0. 0. 0. 0. 0. 0. 0. 0. 0. 0.
    0. 0. 0. 0. 0. 0. 0. 0. 0. 0. 0. 0. 0. 0. 0. 0. 0. 0. 0. 0. 0. 0. 0.
    0. 0. 0. 0. 0. 0. 0. 0. 0. 0. 0. 0. 0. 0. 0. 0. 0. 0. 0. 0. 0. 0. 0.
    0. 0. 0. 0. 0. 0. 0. 0. 0. 0. 0. 0. 0. 0. 0. 0. 0. 0. 0. 0. 0. 0. 0.
    0. 0. 0. 0. 0. 0. 0. 0. 0. 0. 0. 0. 0. 0. 0. 0. 0. 0. 0. 0. 0. 0. 0.
    0. 0. 0. 0. 0. 0. 0. 0. 0. 0. 0. 0. 0. 0. 0. 0. 3. 1. 4. 1. 1. 0. 0.
