<?xml version="1.0"?>
<opencv_storage>
<shot type_id="opencv-matrix">
  <rows>1</rows>
  <cols>3840</cols>
  <dt>f</dt>
  <data>
    0. 0. 0. 0. 0. 0. 0. 0. 0. 0. 0. 0. 0. 0. 0. 0. 0. 0. 0. 0. 0. 0. 0.
    0. 0. 0. 0. 0. 0. 0. 0. 0. 0. 0. 0. 0. 0. 0. 0. 8. 16. 22. 7. 4. 2.
    5. 16. 26. 3. 5. 27. 0. 5. 2. 0. 0. 0. 2. 0. 0. 4. 0. 0. 2. 0. 0. 0.
    2. 8. 2. 0. 0. 2. 2. 0. 2. 1. 0. 1. 0. 1. 0. 1. 0. 0. 0. 1. 0. 0. 0.
    0. 1. 0. 0. 0. 0. 1. 0. 0. 0. 0. 0. 0. 0. 0. 0. 0. 1. 0. 0. 0. 0. 0.
    0. 0. 1. 0. 0. 0. 0. 0. 0. 0. 0. 1. 0. 0. 1. 0. 0. 0. 0. 1. 0. 0. 0.
    0. 0. 0. 1. 0. 1. 0. 0. 0. 0. 0. 0. 0. 0. 0. 0. 0. 0. 0. 0. 0. 0. 0.
    0. 0. 0. 0. 0. 0. 0. 0. 0. 0. 0. 0. 0. 0. 0. 0. 0. 0. 0. 0. 0. 0. 0.
    0. 0. 0. 0. 0. 0. 0. 0. 0. 0. 0. 0. 0. 0. 0. 0. 0. 0. 0. 0. 0. 0. 0.
    0. 0. 0. 0. 0. 0. 0. 0. 0. 0. 0. 0. 0. 0. 0. 0. 0. 0. 0. 0. 0. 0. 0.
    0. 0. 0. 0. 0. 0. 0. 0. 0. 0. 0. 0. 0. 0. 0. 0. 0. 0. 0. 0. 0. 0. 0.
    0. 0. 0. 0. 0. 2793. 500. 250. 573. 539. 109. 474. 272. 386. 438.
    391. 360. 74. 254. 243. 208. 163. 127. 139. 108. 139. 59. 159. 533.
    185. 321. 166. 162. 42. 122. 128. 137. 102. 48. 85. 25. 88. 241.
    316. 485. 515. 668. 327. 343. 152. 480. 872. 1129. 1946. 852. 1051.
    375. 1195. 1129. 1399. 1562. 1092. 1219. 391. 2241. 1654. 4520.
    1813. 1208. 1720. 1293. 2248. 1579. 2119. 2196. 1615. 2024. 2673.
    553. 1430. 2372. 1464. 1365. 1209. 1192. 375. 1075. 926. 1114. 722.
    641. 807. 463. 767. 526. 603. 754. 521. 442. 452. 451. 349. 456.
    332. 493. 532. 552. 492. 433. 436. 213. 527. 502. 609. 505. 529.
    472. 308. 439. 324. 469. 400. 462. 596. 335. 548. 305. 463. 389.
    419. 325. 194. 366. 223. 254. 287. 288. 254. 176. 209. 203. 237.
    187. 201. 169. 140. 147. 125. 168. 90. 145. 123. 149. 106. 102. 105.
    97. 156. 104. 149. 120. 102. 145. 91. 165. 149. 204. 155. 300. 265.
    304. 72. 357. 542. 228. 96. 158. 122. 128. 184. 119. 138. 46. 191.
    103. 116. 128. 100. 138. 30. 144. 104. 121. 80. 64. 79. 6. 75. 38.
    52. 68. 34. 17. 4. 22. 20. 16. 13. 14. 16. 4. 10. 17. 21. 13. 14.
    20. 6. 16. 12. 27. 15. 15. 9. 5. 16. 14. 20. 13. 18. 13. 2. 22. 14.
    16. 22. 12. 14. 5. 18. 11. 14. 23. 30. 23. 2. 23. 10. 10. 10. 10.
    12. 0. 0. 0. 0. 0. 0. 0. 0. 0. 0. 0. 0. 0. 0. 0. 0. 0. 0. 0. 0. 0.
    0. 0. 0. 0. 0. 0. 0. 0. 0. 0. 0. 0. 0. 0. 0. 0. 0. 0. 0. 0. 0. 0. 0.
    0. 0. 0. 0. 0. 0. 0. 0. 0. 0. 0. 0. 0. 0. 0. 0. 0. 0. 0. 0. 0. 0. 0.
    0. 0. 0. 0. 0. 0. 0. 0. 0. 0. 0. 0. 0. 0. 0. 0. 0. 0. 0. 0. 0. 0. 0.
    0. 0. 0. 0. 0. 0. 0. 0. 0. 0. 0. 0. 0. 0. 0. 0. 0. 0. 0. 0. 0. 0. 0.
    0. 0. 0. 0. 0. 0. 0. 0. 0. 0. 0. 0. 0. 0. 0. 0. 0. 0. 0. 0. 0. 0. 0.
    0. 0. 0. 0. 0. 0. 0. 0. 0. 0. 0. 0. 0. 0. 0. 0. 0. 0. 0. 0. 0. 0. 0.
    0. 0. 0. 0. 0. 0. 0. 0. 0. 0. 0. 0. 0. 0. 0. 0. 0. 0. 0. 0. 0. 0. 0.
    0. 0. 0. 0. 0. 0. 0. 0. 0. 0. 0. 0. 0. 0. 0. 0. 0. 0. 0. 0. 0. 0. 0.
    0. 0. 0. 0. 0. 0. 0. 0. 0. 0. 0. 0. 0. 0. 0. 0. 0. 0. 0. 0. 0. 0. 0.
    0. 0. 0. 0. 0. 0. 0. 0. 0. 0. 0. 0. 0. 0. 0. 0. 0. 0. 0. 0. 0. 0. 0.
    0. 0. 0. 0. 0. 0. 0. 0. 0. 0. 0. 0. 0. 0. 0. 0. 0. 0. 0. 0. 0. 0. 0.
    0. 0. 0. 0. 0. 0. 0. 0. 0. 0. 0. 0. 0. 0. 0. 0. 0. 0. 0. 0. 0. 0. 0.
    0. 0. 0. 0. 0. 0. 0. 8. 16. 22. 7. 4. 2. 5. 16. 26. 3. 5. 27. 0. 5.
    2. 0. 0. 0. 2. 0. 0. 4. 0. 0. 2. 0. 0. 0. 2. 8. 2. 0. 0. 2. 2. 0. 2.
    1. 0. 1. 0. 1. 0. 1. 0. 0. 0. 1. 0. 0. 0. 0. 1. 0. 0. 0. 0. 1. 0. 0.
    0. 0. 0. 0. 0. 0. 0. 0. 1. 0. 0. 0. 0. 0. 0. 0. 1. 0. 0. 0. 0. 0. 0.
    0. 0. 1. 0. 0. 1. 0. 0. 0. 0. 1. 0. 0. 0. 0. 0. 0. 1. 0. 1. 0. 0. 0.
    0. 0. 0. 0. 0. 0. 0. 0. 0. 0. 0. 0. 0. 0. 0. 0. 0. 0. 0. 0. 0. 0. 0.
    0. 0. 0. 0. 0. 0. 0. 0. 0. 0. 0. 0. 0. 0. 0. 0. 0. 0. 0. 0. 0. 0. 0.
    0. 0. 0. 0. 0. 0. 0. 0. 0. 0. 0. 0. 0. 0. 0. 0. 0. 0. 0. 0. 0. 0. 0.
    0. 0. 0. 0. 0. 0. 0. 0. 0. 0. 0. 0. 0. 0. 0. 0. 0. 0. 0. 0. 0. 0. 0.
    0. 0. 0. 0. 0. 0. 0. 0. 0. 0. 0. 0. 0. 0. 0. 0. 0. 0. 0. 17794.
    4358. 2481. 3247. 2498. 2038. 2808. 2189. 2359. 1998. 2038. 1658.
    971. 1240. 830. 1163. 739. 901. 842. 823. 1024. 603. 1255. 939.
    1070. 990. 881. 839. 545. 587. 278. 711. 629. 778. 883. 639. 555.
    232. 512. 436. 651. 486. 346. 383. 175. 351. 191. 310. 343. 245.
    313. 285. 300. 192. 291. 290. 122. 284. 290. 302. 838. 867. 407. 94.
    440. 134. 188. 202. 299. 435. 309. 1158. 454. 150. 561. 247. 364.
    453. 466. 418. 173. 410. 153. 437. 235. 281. 401. 302. 322. 121.
    204. 214. 153. 132. 158. 131. 138. 144. 134. 120. 152. 182. 166.
    233. 175. 150. 183. 226. 314. 273. 249. 194. 151. 171. 150. 186.
    120. 187. 321. 196. 280. 168. 264. 176. 336. 134. 372. 482. 462.
    471. 243. 289. 217. 218. 320. 176. 109. 124. 112. 106. 122. 86. 110.
    108. 107. 118. 93. 122. 50. 114. 97. 105. 114. 79. 132. 51. 123. 67.
    75. 52. 75. 44. 19. 50. 51. 51. 53. 59. 49. 61. 23. 67. 58. 68. 58.
    66. 78. 7. 107. 89. 85. 96. 87. 79. 6. 93. 92. 104. 87. 90. 112. 8.
    123. 90. 95. 126. 91. 94. 12. 73. 75. 63. 60. 66. 58. 7. 44. 34. 43.
    36. 44. 45. 15. 46. 42. 56. 38. 38. 31. 11. 42. 30. 47. 45. 46. 45.
    12. 52. 41. 58. 76. 58. 65. 16. 69. 69. 82. 107. 123. 126. 18. 160.
    165. 177. 129. 278. 58. 1. 4. 0. 0. 0. 0. 0. 0. 0. 0. 0. 0. 0. 0. 0.
    0. 0. 0. 0. 0. 0. 0. 0. 0. 0. 0. 0. 0. 0. 0. 0. 0. 0. 0. 0. 0. 0. 0.
    0. 0. 0. 0. 0. 0. 0. 0. 0. 0. 0. 0. 0. 0. 0. 0. 0. 0. 0. 0. 0. 0. 0.
    0. 8. 18. 22. 13. 4. 2. 5. 18. 24. 11. 17. 9. 0. 7. 0. 8. 2. 0. 0.
    4. 2. 1. 0. 1. 0. 0. 0. 0. 1. 0. 1. 0. 0. 0. 1. 0. 0. 0. 0. 1. 0. 0.
    0. 0. 1. 0. 0. 0. 0. 0. 0. 0. 0. 0. 0. 1. 0. 0. 0. 0. 0. 0. 0. 1. 0.
    0. 0. 0. 0. 0. 0. 0. 1. 1. 0. 0. 0. 0. 1. 0. 0. 0. 0. 0. 1. 0. 1. 0.
    0. 0. 0. 0. 0. 0. 0. 0. 0. 0. 0. 0. 0. 0. 0. 0. 0. 0. 0. 0. 0. 0. 0.
    0. 0. 0. 0. 0. 0. 0. 0. 0. 0. 0. 0. 0. 0. 0. 0. 0. 0. 0. 0. 0. 0. 0.
    0. 0. 0. 0. 0. 0. 0. 0. 0. 0. 0. 0. 0. 0. 0. 0. 0. 0. 0. 0. 0. 0. 0.
    0. 0. 0. 0. 0. 0. 0. 0. 0. 0. 0. 0. 0. 0. 0. 0. 0. 0. 0. 0. 0. 0. 0.
    0. 0. 0. 0. 0. 0. 0. 0. 0. 0. 0. 0. 0. 0. 0. 0. 0. 0. 0. 0. 0. 0. 0.
    116. 352. 1005. 401. 342. 294. 441. 180. 118. 192. 143. 120. 192.
    581. 496. 116. 441. 357. 386. 438. 369. 223. 102. 286. 304. 204.
    138. 147. 116. 101. 143. 153. 219. 735. 142. 122. 64. 115. 116. 98.
    94. 72. 65. 54. 58. 68. 71. 53. 56. 47. 42. 52. 49. 249. 805. 890.
    581. 379. 221. 427. 914. 1371. 2360. 1518. 769. 593. 1429. 1134.
    1649. 2197. 1412. 610. 2101. 1751. 4992. 2038. 1663. 1454. 331.
    1325. 1836. 2273. 1755. 1291. 2412. 2568. 364. 1626. 2426. 1229.
    1397. 1271. 1285. 154. 1019. 1076. 1114. 1004. 839. 691. 133. 634.
    699. 693. 578. 797. 601. 298. 505. 607. 676. 621. 539. 465. 205.
    462. 711. 745. 697. 638. 437. 121. 444. 488. 562. 582. 481. 464.
    102. 447. 403. 394. 367. 330. 330. 61. 292. 298. 289. 290. 248. 249.
    92. 220. 281. 264. 272. 242. 178. 89. 172. 140. 132. 160. 139. 107.
    99. 129. 128. 130. 156. 130. 140. 109. 163. 149. 192. 348. 344. 259.
    252. 622. 199. 58. 148. 150. 195. 170. 163. 191. 80. 167. 122. 122.
    118. 110. 91. 57. 107. 81. 112. 80. 80. 66. 76. 73. 68. 57. 45. 19.
    7. 9. 16. 21. 16. 16. 15. 12. 5. 11. 16. 21. 14. 14. 18. 11. 15. 21.
    16. 19. 19. 5. 6. 20. 18. 19. 11. 9. 8. 7. 24. 15. 19. 15. 14. 13.
    3. 10. 19. 15. 19. 24. 19. 16. 25. 15. 16. 5. 8. 3. 0. 0. 0. 0. 0.
    0. 0. 0. 0. 0. 0. 0. 0. 0. 0. 0. 0. 0. 0. 0. 0. 0. 0. 0. 0. 0. 0. 0.
    0. 0. 0. 0. 0. 0. 0. 0. 0. 0. 0. 0. 0. 0. 0. 0. 0. 0. 0. 0. 0. 0. 0.
    0. 0. 0. 0. 0. 0. 0. 0. 0. 0. 0. 0. 0. 0. 0. 0. 0. 0. 0. 0. 0. 0. 0.
    0. 0. 0. 0. 0. 0. 0. 0. 0. 0. 0. 0. 0. 0. 0. 0. 0. 0. 0. 0. 0. 0. 0.
    0. 0. 0. 0. 0. 0. 0. 0. 0. 0. 0. 0. 0. 0. 0. 0. 0. 0. 0. 0. 0. 0. 0.
    0. 0. 0. 0. 0. 0. 0. 0. 0. 0. 0. 0. 0. 0. 0. 0. 0. 0. 0. 0. 0. 0. 0.
    0. 0. 0. 0. 0. 0. 0. 0. 0. 0. 0. 0. 0. 0. 0. 0. 0. 0. 0. 0. 0. 0. 0.
    0. 0. 0. 0. 0. 0. 0. 0. 0. 0. 0. 0. 0. 0. 0. 0. 0. 0. 0. 0. 0. 0. 0.
    0. 0. 0. 0. 0. 0. 0. 0. 0. 0. 0. 0. 0. 0. 0. 0. 0. 0. 0. 0. 0. 0. 0.
    0. 0. 0. 0. 0. 0. 0. 0. 0. 0. 0. 0. 0. 0. 0. 0. 0. 0. 0. 0. 0. 0. 0.
